023013213
032010232
032003022
032010203
021333303
023112133
032000202
021323302
021332002
021233113
023100012
023010003
023100132
021232032
023010123
030233023
030223333
030233002
032021302
021333332
030222113
021330013
032002322
021333113
023112233
021331212
021321321
021231320
021320020
032012013
032003130
032002130
032021021
032003321
023131020
023113320
032002101
021330131
023110001
023103231
023112100
023102011
023100311
023010310
032010220
032010120
023111331
032000031
021331200
023110030
021333211
021323210
021323110
021233101
021232020
021320222
030232131
032021032
023112310
032002212
023102301
021331323
032002332
021331302
023113023
021321213
023103022
023012133
023011233
023010013
032010223
032002102
023112013
030222222
023113212
032000233
021321322
023100312
021323333
023010303
021233332
021322032
021232023
021231212
021232120
030233031
030223030
021330132
021320123
023130112
021330101
023103201
021320100
023013200
021321101
021231100
032001310
032021020
023111301
032003201
023101300
023113200
023102010
023112131
023100031
023102130
023010030
023012121
032001331
032000111
032010000
023111111
021333210
021333330
032000203
021321230
021323303
021231221
021322002
021321023
021231022
030233032
032020112
030223002
032000232
021330102
032002323
023110223
023112322
023102133
023010033
023010313
030223023
032002013
032001122
021333022
023111033
021323332
021332113
021233323
023110012
021233112
023100003
023010002
023130132
030222110
021331201
032021030
021333300
021321200
023131021
021320131
023102100
023012011
032020100
032010221
021333321
032000220
021323320
023102310
023101331
023011330
023100030
021323211
023010021
021233210
023010301
023010102
032001211
030233020
030222131
021332130
021331230
021322121
021330323
030222223
021321323
021332222
021231322
021233333
021231213
032003132
030220322
023131022
021330133
032021002
023112102
021320132
023130113
023102013
023010312
032010222
023111333
032001313
021333213
023111312
021323212
021233203
021233103
021323021
021230123
021323301
021232022
030232133
030222101
021330001
032002230
023112221
032002201
021331320
021321231
021330100
023103200
021231230
023012130
032003120
023112031
023101330
032002011
023101111
023112010
023011110
023102001
021233321
030232231
032001123
021330310
021333023
030220212
021320301
021330203
021330103
021320102
023112323
021230013
023102322
021321022
021230133
032001312
023111303
032002202
023101302
023103313
023111122
023102012
023101033
023102132
023010032
023012100
032000113
023110112
021333212
032001033
032000221
021323321
023110220
021231223
021233320
021321201
021231200
021233211
030232321
030223020
021330120
032020101
021332131
021320031
023130100
023120011
023102311
021320010
023011331
032001300
032003311
023111211
030222320
023113310
023101210
023011101
023112103
023100021
023102102
023010020
021233201
021322222
030222112
032001003
021333302
030220323
021323213
021330322
023112203
021320133
021230132
030233022
023130013
032000222
021330012
032002233
023101333
023111002
023112232
023011332
023102223
023101312
021233212
023011303
023010120
030222133
032001030
021332132
021331313
030222210
021322123
021332101
032000001
021322100
023110000
021333021
023011111
021323020
021232131
021231231
030222100
021332011
021330311
023130231
021320310
023130131
023102031
021230301
032003031
023111330
021323230
021233221
021323023
021233022
021233302
030232212
030222103
021331123
023130322
021321122
032002203
023112202
023013313
021231232
021320013
021230012
023102233
032003122
023113033
023101332
023113313
023112012
023130101
023102003
023101032
023011023
023100220
030232233
032000110
032001301
030232330
030220230
023111300
030222321
021330221
021330121
023130201
021320120
021322131
021230031
023120100
021232130
021230311
030231310
030222011
032002220
032003001
021331031
023103331
023113000
023013330
021330031
023130011
023103310
023013301
021330010
021320001
023012102
032000131
023110130
023113123
032000223
032001012
023110222
023111003
023101002
023010113
021233213
030232323
030222322
030223022
021332133
030220202
023130102
021321313
023103122
021231312
021320012
023011333
021230003
023102232
032021013
023113312
023101212
021332233
023011203
023111032
023101021
023101301
023011300
023100000
021233020
032001021
030232210
023111020
032001000
021332100
021233230
021322011
023130320
021320311
021232010
021230310
021331331
032020011
021320021
023130010
023113031
023103030
023011321
023102202
032003123
030222212
032000303
021332203
021332103
030222332
021322102
023100113
021232013
021323022
021232133
023011032
030232322
030233103
030232103
021331002
032003223
030222102
023113222
021332013
021321312
023130233
030220233
023130133
021330232
021320223
023013312
021230222
021230120
032002113
032003033
032002221
032003010
023113001
023100103
021332321
023011211
030232230
032001020
030232201
021331301
030222200
023132100
021321300
023131121
023121120
021331120
021322010
021322130
021230030
021232121
023113211
023103210
023113331
023113030
030220203
023103123
023011201
023013122
023100222
023101003
023011002
032003003
032010032
030232332
030220232
030222323
032001222
021330223
023101213
021332322
021322233
021322133
021330202
021232132
021231313
030232202
021331033
023113002
021321032
023131013
023103312
023013303
021320003
032010213
032000210
032003310
023113301
032000330
023103300
032003121
023111021
023113120
023101020
023103031
023010131
021233231
021232011
032010101
032000100
030232320
030220220
023111210
030222231
021321331
021331000
021332230
021231330
021230021
023120010
023013030
021230102
032021031
023113330
032002111
032003232
023110011
023112110
023102101
023011022
023101303
023011302
023011033
032010023
021333123
021333102
032001002
021332102
023110113
021322013
023011323
023100112
021232012
023010103
021320232
021230223
030233102
023131012
021331312
023131132
023103032
023121121
023013023
023102220
023103001
023013000
032012030
030222230
032000321
021332221
023110320
030222201
023100131
021332200
023010130
021233311
023101211
021232311
023011210
030233221
032021001
021333031
032023100
030232200
021321330
021333311
021332010
021332323
021231110
021322001
021232000
021320202
032002312
032003012
021331122
023113003
032000032
023131102
023100121
023103002
023011213
021322322
021232233
030232203
030222202
032000213
023131123
021323313
023121122
021322012
021321033
021232003
021231032
023121013
021322132
021232123
021232100
030233011
021330112
032002333
023112332
023113032
023102323
030220221
021330220
023103301
023013300
023011020
023013031
032010210
023113020
032000101
032003000
023110100
023103330
021333121
023112111
023100011
021323120
023102110
023010010
021231331
021322230
021232221
032010231
021331211
021333310
021321210
023131031
021231201
021331030
021321003
023013321
023103223
021321123
021230020
021231122
032000212
032002303
023110203
032000332
032000023
023110022
023113122
023011133
023101022
023103033
023010133
023013032
023010112
032001102
032010022
023111133
030222233
021332232
021231332
021322223
021231303
032021033
021331021
032021010
032023101
023112112
023131001
023102103
023110321
023013211
023100320
023112220
023010231
023013331
023103000
023012111
032010201
030233230
032000200
032000320
023100010
023110231
023110131
023100130
021323311
023010121
021233310
021232001
021232322
030222111
032023011
021331330
030222203
021330110
021331223
021320101
023013201
023103003
021231033
023013002
032000323
032001112
032003222
023110322
023111103
023112333
023100233
023101102
021332202
021233313
023100212
023011212
021232232
032001133
021333033
032023102
030220302
023111132
021323032
021330213
021333313
021333012
023110101
021322003
023100100
021323121
021232002
021231023
021233120
021320220
021321001
030223001
032002330
021331300
023131120
023103020
023110201
023012131
023102111
023010011
023012110
032012020
032000231
021323331
021333000
023110230
021233330
021321211
021323310
021233301
021322221
021232102
030232331
032020111
030220032
021320121
023130110
023113131
023120101
030220312
023112303
023102302
021331003
021231333
021321002
023113223
021230113
023103222
023013033
032010212
032002302
032003002
023112213
021331032
023112113
032000022
021323122
023102112
023101133
023012103
023011132
021322232
021232223
030233222
030233003
032001013
030223313
021333312
030220333
021330332
021320323
021321021
021231020
021321301
021231300
032002321
032003110
023113101
021331020
023103100
023131000
021330111
023103211
021320110
023013210
023100231
021230101
023010230
032001120
032010200
023111311
023111010
023110010
023100001
021323030
023101103
023010000
021233021
021231321
021322202
030220332
032023103
030220303
023131003
032002032
021330302
023112023
023110323
021320113
023100322
023102333
023010233
023012113
030223223
032002213
023101313
021333222
032000322
023110233
023101132
023011123
023103021
023110212
021233312
023010100
021332112
032001130
030222310
032001101
021333001
021320103
021323000
021231211
023013020
032021000
032012021
023111121
023130111
032002020
023101120
023103131
021233331
023100230
023012101
032003011
032001311
030233220
030220320
023111310
030222331
021330231
021332330
023130211
021333030
021323003
021323123
021233122
021231002
030233012
030223003
023113323
021333002
030221222
021330333
023112302
021320332
023102213
023102113
023012112
032012022
023113133
023110232
023111013
023100223
023101012
021323312
023011003
021233303
021232222
021322200
021223311
030232333
030232310
030220210
023130021
030220330
030220021
023112321
021323300
021333120
021321020
021323031
021230131
021233030
021320111
021230110
032002200
032002320
023112231
023103130
023131030
032002211
023101311
023112210
023011310
023010001
023010322
032001031
030223232
021332110
021333223
021322101
021330303
021233033
021320302
021230213
021231302
030231332
030232122
032003112
023113103
032020002
023103102
023121113
023131002
023102212
021330113
021320112
021230103
023102332
032003133
032000313
023111313
032002210
023111012
032002021
023101121
021233023
021322220
021323001
021233000
030220321
030223220
021330320
023112201
023130300
021230130
023112020
023013131
021231210
032001001
032002231
032003100
023111000
023112230
023113011
023103010
023101310
021332331
023011301
023100221
023100022
030232211
030222312
032001103
021333003
023111102
021323002
021330023
023101013
021232113
021320333
021230332
023130213
021333032
030220213
032002022
021330212
023101122
023103133
023013132
023100232
023011012
023010320
032003013
030222333
032001230
021332332
021322323
021332301
032000201
021322300
023110200
021233300
023011311
021233031
023131101
030232301
030223000
021332211
021332111
021320011
023112320
021322110
021230010
023102231
023113311
032003131
023111031
023113130
023101030
023011021
023100202
021323223
021232101
021233222
023011102
032010012
030232312
030222303
023130023
030220023
021322113
021330022
032020003
021333122
021231133
023130002
021323033
021233032
021320213
021230212
021230112
032003322
023113233
021331133
023103132
023131113
023013123
023112212
023130301
023011312
023102203
023102020
032010033
032000310
032001010
032003101
023111001
030222030
023113100
021322103
023101000
021332021
021330321
021320320
021322331
021230231
021232111
030233110
030232300
030220200
030222211
023113121
021321311
032020020
023103120
023121131
021321130
023102230
023103011
021231121
021320130
023013010
021230121
032000331
023110330
023111030
023110123
032002023
032001212
023101123
023112022
023011122
021233002
023011013
030232032
030223222
021332333
021320233
023130302
021321102
023103322
021320212
023013133
021230203
030231322
023131133
032003102
021331132
023113013
032000122
023131112
023103012
023110033
023013003
023111232
023101221
023102320
023103101
023013100
023100200
030232213
030223330
030222330
032001221
032001121
023111220
023111120
030222301
021330201
023101031
021332300
023011030
021322211
021322111
021230011
021232110
030233101
032021320
021333131
030220231
021330230
023103311
021320221
023130210
021321010
023013310
023013121
032001232
023110110
023111223
032000012
023100101
023110003
021332303
021322302
023100313
023110202
021232213
023011313
021323222
021232333
030232023
032010122
030222022
030232303
021331202
030222302
021332213
021322112
021321133
021232103
021231132
032002313
030233111
032003233
023113132
023103121
023110312
023101001
023011000
023013011
023011120
032010030
032001220
021332320
021333101
030220201
021323100
021330200
021231311
023130020
021322210
021320231
021322330
021230230
023131011
032002120
023121010
021331311
023131131
023113230
021331130
023130303
021321103
023102221
023103323
023013001
023102022
032010211
032000312
032003203
032003103
030222032
023113102
032000123
021332023
023103013
023110122
023100033
021320322
021322333
021230233
021232332
032010002
030232302
030231323
030222213
032020022
021332212
021331233
023113202
021321232
021330233
021321132
021231123
023121112
021320203
021230202
021230100
032000333
023110332
032002010
023100323
021331121
023112200
023111221
021321011
023013311
023101220
023010331
023011031
021232211
032000300
023110111
030222020
023113010
021321120
023100110
021323131
023121100
021233130
021320230
021230221
021231010
021230302
030233100
032021231
021331310
023131130
032002311
023110211
023013021
023101223
023011222
023103103
023013102
030223332
021333323
032001223
023111222
032001202
021332302
023110313
021322213
021232212
021232112
032021322
030232022
021333133
021331232
021331013
021333112
023130212
021321012
021231003
023103232
021320200
032002310
032000030
032002121
023110021
023112120
021322320
023100331
021232231
023010111
032010300
030223320
021331220
021333231
021332231
021323130
021332210
021231310
021322201
021232200
021230322
032002331
023112330
032021011
032003212
023113203
023100321
023103202
023013013
023100122
032010003
021333103
023110333
032000002
021323102
023101113
021331322
021322212
021321233
021232203
021322332
021230232
021232323
021232300
021333132
021330312
021331012
023113232
030222021
021321121
021332020
021231120
023121101
023102200
021231011
023011220
032001330
032003221
032012010
023113220
032000301
032003200
021332201
023110300
023112311
023100211
023100111
023010210
023010110
021233131
032010020
030233201
023111131
032001111
021333011
023111110
021323010
021321310
021233001
021231301
023121130
021321203
021230220
021320022
032002012
023112003
023131103
032002132
023121102
021321013
023113322
023101222
023103233
023010333
032000302
023110213
023113012
032000033
021323133
023110032
021233132
023100023
021323112
021231012
021230320
032021233
023112312
023102303
023112121
023102120
023013120
032001110
032003220
032012001
023111101
032002000
023101100
030223321
021333320
023100210
021323231
023110331
021322231
023100330
021232230
023010321
021232201
023010122
032001131
030233200
030222311
021333130
032000003
021321030
021323103
021231021
023103203
021231233
021231102
032002123
023110023
023112122
023100333
023110002
023010332
023011113
023013012
032012002
030223322
032001333
021333233
021323132
023111113
021233123
023110301
021322203
021232202
021322020
030233210
030223201
032020130
032003230
021333100
021321000
023113221
023103220
023112001
023100300
023010211
032002300
032010021
032000020
023131010
032002031
023101131
021333200
023112030
023011130
021323011
023101110
021233010
023010101
021232302
032001011
030220331
021330330
021320321
023130310
021330123
030222023
023130103
021332022
021331203
023121103
021233133
021321202
021230313
021231013
032012012
032020102
032003202
023110302
023112313
023100213
021323322
023102312
023010212
023100032
023010023
030233203
032001213
032001113
021333013
023111112
021323012
021330033
021233003
021321221
021231220
021323101
021233100
030220301
032002030
023112021
032002001
023102331
023112000
021321031
023131100
023013111
021231030
023121011
023010330
032001320
032012000
023101130
023113111
032000211
023110210
023100201
021233121
023100002
030232311
030223323
030232112
021330003
032002232
023102321
023112223
023112123
021320313
023102122
032012003
032002002
032001023
032020013
023103113
023111022
032002122
023112033
023100332
023103221
023010323
023011112
023010300
030233202
030222313
021332312
030223233
032000021
023110020
021333201
021320303
021323200
021231000
021233011
030232121
032002301
021330331
023112300
023111321
023130311
021321111
023102211
023101320
023011131
023102030
032003211
032001100
032003111
023111011
030222120
023113110
023101010
021332031
021333230
021323203
023110303
023100302
021323323
021232220
021233322
021322022
021231202
030232132
030233212
021323013
021330122
032020103
021320033
023102313
023010213
023113333
032002033
032001302
021333202
023112032
023111213
023102023
023101112
023011103
021232320
030222010
021330301
030222130
021320300
023130121
021331221
021321220
021230331
021231031
030231301
032020000
032003021
030220300
021330211
023130031
021333010
023112331
021330030
023102330
023103111
023013110
023010201
032000311
032001231
023111130
032002003
032001032
021332310
023111023
021322301
021321223
021231222
021233102
030223202
032003312
030220222
023130122
023113303
021331222
023103302
021330313
021320312
023102033
021230303
032001322
023111233
023113113
023111212
023112301
023111332
023100203
021323232
023101321
021233223
023100020
021323201
021233200
030232313
030232130
030220030
023111100
030222121
021330021
032020010
021332120
023130001
021320331
021330000
023102300
021230330
021231111
021230111
030220211
032001201
032003300
023111200
023130030
023013130
023112211
023103110
023013101
023102021
023010302
032010011
021322321
032001332
023111323
032000112
032001303
021333203
023111302
021323202
021232313
021233013
021320122
021230033
030232123
030231312
030222122
021333232
030222013
021321113
032002222
021332012
023101322
021231112
023103333
023102032
032003213
032003113
023113112
032000133
032003030
021332033
023110132
023100123
021323221
023101101
023011100
030232221
021331321
021333220
030223200
021330300
021332311
021320211
023130120
021322310
021230210
021320030
032003320
021331131
023131111
023113210
023111231
023102201
023101230
023011221
023011121
023102002
023101023
021232301
032001323
030222012
032000103
021332003
030222132
030220223
023130123
021322313
021330222
021333322
021321222
021323233
021230333
021233232
021230312
030231303
032003023
021321112
021331333
023130033
023103332
030220033
021330032
021320023
023130012
023013112
021230022
021320000
032010233
032001233
032002110
032001210
032003301
023111201
023113300
021322303
023101200
021332121
023011011
021322120
021232031
032010121
032010100
030222000
032000011
021321100
023113321
021323111
023103320
021320210
021320330
021230321
021230122
023131110
032002131
023112130
032020012
023111230
032002223
023101323
023112222
023011001
023011322
021233202
032001203
030232232
030222123
032001022
021332122
021331303
023110133
023130003
021322033
021321302
021330002
021231113
021233012
021230032
032003302
021331332
023111202
023130032
023113213
023103212
023103112
023013103
023102000
032010013
032000010
032000130
030222221
032001321
021332220
021333221
023111320
021323220
021332001
023101231
021232331
023011230
021322311
021230211
021232310
030231330
030232220
030232120
021333331
030222031
021321131
021332030
021231130
023121111
021322021
021321110
023102210
021231101
032003231
032003032
023110310
023100301
023110103
023100102
023112002
023013113
021233233
030232223
032010103
032000102
023110013
021332313
021322312
021321333
021232303
021320032
021230023
030232033
032020113
023113332
023101232
023103321
023011223
023101201
023011200
023011320
032010230
032000121
032003020
023110120
021333301
030222001
021332000
021232330
021233111
023101011
023011010
021322031
021232030
030233021
030231321
030223331
021331231
021330011
021333111
021331210
023121110
021330210
021332123
021320201
021321303
021230200
021320002
023102222
032012011
032002112
032021003
032003303
023111203
030222232
023113302
023101202
021332223
021322122
023100133
021232033
023010132
032010202
032010102
030222002
032000013
021323113
021331022
021321332
023103213
021231323
023013212
021230323
021230300
030232113
032021213
032002133
023112132
023102123
023112101
021330020
032020001
023130000
023113021
021233220
023011231
032010010
032002100
032001200
023110311
030222220
021321320
023100310
021232210
021231131
021322030
021232021
032010031
030233013
021333110
023113231
021330130
021231001
023103230
023112011
023103023
023013022
023103303
023013302
032002103
032001132
023111123
032000132
023113022
023111322
023101233
023110102
023011232
023100013
023010012
021232312
030232222
021333333
030222033
021332032
021331213
021322023
021321212
021231203
021231103
021322000
032020110
032003210
023113201
032000230
023100303
023110221
023110121
023100120
023102131
023010031
023010311
032010001
030233030
032000000
030223021
021333020
032000120
023110031
021323330
021232321
021233110
021230201
021232122
032020131
023130130
032021211
030222003
021331023
032021012
023102121
023101203
023011202
